1492
13361
12143
17324
25700
5189
20480
15540
19869
5660
7219
2344
17672
18190
5862
25493
20155
1508
21274
21624
21167
26278
9978
31741
7956
31132
3320
11733
10886
23492
21013
30311
29859
1549
27890
4320
29818
2034
13025
2227
24729
7482
27529
4175
28924
27801
27776
32193
11525
13452
748
25812
10729
753
16853
12544
3092
8448
18427
20592
32458
6700
21802
27672
11231
18906
12075
26758
30003
975
17599
28299
1903
16504
18016
24348
10137
17331
9421
14594
29533
5014
6990
19297
3152
3335
26215
3792
15116
11054
5521
1352
28803
13499
5817
20498
29524
18245
7447
23518
28879
22599
10647
30858
16575
28224
15182
15572
3594
13348
26435
29176
22619
20680
8757
29753
1293
6440
6340
3106
15826
11617
27477
23004
6461
31754
13080
10300
2435
9398
16302
22385
31328
24541
15366
20420
27845
11336
20862
19415
12970
24463
23743
13226
26564
8794
18115
22806
18220
17387
9155
30251
5477
11905
21080
16233
13756
22843
17598
17183
13799
1159
29530
13578
9977
10910
7127
21738
23036
28573
19374
18515
17482
24699
13613
15550
25419
26298
27029
22748
950
20657
15637
22135
21175
8082
14939
26529
2419
30243
2906
21438
3573
21494
26954
4058
24273
29519
27417
24341
